0 0.00427625 0.5625 0.0085525 0.2594921875
0 0.099695375 0.5625 0.09771425 0.2594921875
0 0.239695375 0.5625 0.09771425 0.2594921875
0 0.379695375 0.5625 0.09771425 0.2594921875
0 0.519695375 0.5625 0.09771425 0.2594921875
0 0.6596953750000001 0.5625 0.09771425 0.2594921875
0 0.799695375 0.5625 0.09771425 0.2594921875
0 0.9396953750000001 0.5625 0.09771425 0.2594921875
0 0.17563825 0.7 0.0216 0.0298046875
0 0.31563824999999995 0.4375 0.0216 0.0298046875
0 0.45563824999999997 0.049999999999999996 0.0216 0.0298046875
0 0.73563825 0.2375 0.0216 0.0298046875
