0 0.1521045 0.3875 0.0216 0.0298046875
0 0.4321045 0.425 0.0216 0.0298046875
0 0.99065225 0.5875 0.0186955 0.0298046875
0 0.99116225 0.25 0.00336 0.103515625
0 0.0426615 0.6538461538461537 0.0731445 0.24800900947265625
0 0.18565975 0.6538461538461537 0.0731445 0.24800900947265625
0 0.328658 0.6538461538461537 0.0731445 0.24800900947265625
0 0.47165625 0.6538461538461537 0.0731445 0.24800900947265625
0 0.6146545 0.6538461538461537 0.0731445 0.24800900947265625
0 0.75765275 0.6538461538461537 0.0731445 0.24800900947265625
0 0.900651 0.6538461538461537 0.0731445 0.24800900947265625
