0 0.21022275 0.95 0.0216 0.0298046875
0 0.35022274999999997 0.7875 0.0216 0.0298046875
0 0.49022275 0.425 0.0216 0.0298046875
0 0.63022275 0.2875 0.0216 0.0298046875
0 0.9102227500000001 0.7375 0.0216 0.0298046875
0 0.490588 0.125 0.00336 0.103515625
0 0.573374 0.125 0.00336 0.103515625
0 0.6487075 0.125 0.00336 0.103515625
0 0.75960475 0.125 0.00336 0.103515625
0 0.852042 0.125 0.00336 0.103515625
0 0.9014945 0.125 0.00336 0.103515625
0 0.9976445 0.125 0.00336 0.103515625
0 0.98572375 0.5 0.0285525 0.7790124020507813
0 0.46815075 0.5 0.055534 0.7092133068603516
0 0.78886025 0.5 0.055534 0.7092133068603516
