0 0.023688375 0.3125 0.04737675 0.2594921875
0 0.138519625 0.3125 0.09771425 0.2594921875
0 0.278519625 0.3125 0.09771425 0.2594921875
0 0.418519625 0.3125 0.09771425 0.2594921875
0 0.558519625 0.3125 0.09771425 0.2594921875
0 0.6985196250000001 0.3125 0.09771425 0.2594921875
0 0.838519625 0.3125 0.09771425 0.2594921875
0 0.9648312499999999 0.3125 0.0703375 0.2594921875
0 0.49446249999999997 0.35 0.0216 0.0298046875
0 0.6344625 0.25 0.0216 0.0298046875
0 0.9144625000000001 0.9625 0.0216 0.0298046875
0 0.0025535 0.25 0.00084 0.4140625
0 0.028187 0.25 0.00084 0.4140625
0 0.13158175 0.25 0.00084 0.4140625
0 0.2316935 0.25 0.00084 0.4140625
0 0.2486925 0.25 0.00084 0.4140625
0 0.32122175 0.25 0.00084 0.4140625
0 0.3894745 0.25 0.00084 0.4140625
0 0.47082175 0.25 0.00084 0.4140625
0 0.50490825 0.25 0.00084 0.4140625
0 0.544231 0.25 0.00084 0.4140625
0 0.6096275 0.25 0.00084 0.4140625
0 0.6825255 0.25 0.00084 0.4140625
0 0.713241 0.25 0.00084 0.4140625
0 0.81510725 0.25 0.00084 0.4140625
0 0.822705 0.25 0.00084 0.4140625
0 0.932499 0.25 0.00084 0.4140625
0 0.9962035 0.25 0.00084 0.4140625
0 0.87004625 0.25 0.00336 0.103515625
0 0.934717 0.25 0.00336 0.103515625
0 0.29002925 0.5 0.1802675 0.9767976907653808
0 0.863281 0.5 0.1802675 0.9767976907653808
