0 0.050892375000000004 0.8125 0.09771425 0.2594921875
0 0.190892375 0.8125 0.09771425 0.2594921875
0 0.330892375 0.8125 0.09771425 0.2594921875
0 0.470892375 0.8125 0.09771425 0.2594921875
0 0.6108923749999999 0.8125 0.09771425 0.2594921875
0 0.7508923750000001 0.8125 0.09771425 0.2594921875
0 0.890892375 0.8125 0.09771425 0.2594921875
0 0.991017625 0.8125 0.01796475 0.2594921875
0 0.26683524999999997 0.625 0.0216 0.0298046875
0 0.40683525 0.4125 0.0216 0.0298046875
0 0.54683525 0.7625 0.0216 0.0298046875
0 0.68683525 0.6375 0.0216 0.0298046875
0 0.96683525 0.85 0.0216 0.0298046875
0 0.4593215 0.875 0.00336 0.103515625
0 0.516451 0.875 0.00336 0.103515625
0 0.53129525 0.875 0.00336 0.103515625
0 0.5491765000000001 0.875 0.00336 0.103515625
0 0.6042452500000001 0.875 0.00336 0.103515625
0 0.654373 0.875 0.00336 0.103515625
0 0.7274922500000001 0.875 0.00336 0.103515625
0 0.7333397500000001 0.875 0.00336 0.103515625
0 0.7697115 0.875 0.00336 0.103515625
0 0.8074635 0.875 0.00336 0.103515625
0 0.83771975 0.875 0.00336 0.103515625
0 0.938559 0.875 0.00336 0.103515625
0 0.95188125 0.875 0.00336 0.103515625
0 0.9577180000000001 0.875 0.00336 0.103515625
0 0.54141475 0.5740740740740741 0.4309955 0.0807409564453125
0 0.8811344999999999 0.7222222222222222 0.237731 0.0807409564453125
