0 0.12380300000000001 0.049999999999999996 0.0216 0.0298046875
0 0.26380299999999995 0.25 0.0216 0.0298046875
0 0.40380299999999997 0.9125 0.0216 0.0298046875
0 0.8238030000000001 0.4125 0.0216 0.0298046875
0 0.9638030000000001 0.7875 0.0216 0.0298046875
0 0.934789125 0.5 0.13042175 0.3737177564819336
0 0.6682026249999999 0.5 0.05281725 0.39183160625
0 0.845938125 0.5 0.05281725 0.39183160625
0 0.9036331249999999 0.5 0.05281725 0.39183160625
0 0.9987953749999999 0.5 0.00240925 0.39183160625
