0 0.074487125 0.375 0.09771425 0.2594921875
0 0.214487125 0.375 0.09771425 0.2594921875
0 0.354487125 0.375 0.09771425 0.2594921875
0 0.494487125 0.375 0.09771425 0.2594921875
0 0.6344871249999999 0.375 0.09771425 0.2594921875
0 0.774487125 0.375 0.09771425 0.2594921875
0 0.914487125 0.375 0.09771425 0.2594921875
0 0.010615 0.0375 0.02123 0.0298046875
0 0.29042999999999997 0.975 0.0216 0.0298046875
0 0.43043 0.825 0.0216 0.0298046875
0 0.71043 0.1375 0.0216 0.0298046875
0 0.85043 0.9 0.0216 0.0298046875
0 0.989815 0.025 0.02037 0.0298046875
0 0.5717289999999999 0.625 0.00084 0.4140625
0 0.678472 0.625 0.00084 0.4140625
0 0.78705475 0.625 0.00084 0.4140625
0 0.8182079999999999 0.625 0.00084 0.4140625
0 0.89006475 0.625 0.00084 0.4140625
0 0.9752595 0.625 0.00084 0.4140625
0 0.30427575 0.75 0.00336 0.103515625
0 0.350577 0.75 0.00336 0.103515625
0 0.4273905 0.75 0.00336 0.103515625
0 0.4964305 0.75 0.00336 0.103515625
0 0.524422 0.75 0.00336 0.103515625
0 0.6122835 0.75 0.00336 0.103515625
0 0.68661975 0.75 0.00336 0.103515625
0 0.7788922500000001 0.75 0.00336 0.103515625
0 0.82154975 0.75 0.00336 0.103515625
0 0.8821985 0.75 0.00336 0.103515625
0 0.9344775 0.75 0.00336 0.103515625
0 0.01633025 0.5 0.0326605 0.5009712420410156
0 0.17619500000000002 0.5 0.1010805 0.5009712420410156
0 0.37027 0.5 0.1010805 0.5009712420410156
0 0.564345 0.5 0.1010805 0.5009712420410156
0 0.75841975 0.5 0.1010805 0.5009712420410156
0 0.95097725 0.5 0.0980455 0.5009712420410156
0 0.8503465 0.6818181818181819 0.0977425 0.1672967091796875
0 0.9544742500000001 0.3181818181818182 0.0910515 0.1672967091796875
