0 0.003824125 0.5 0.00764825 0.2594921875
0 0.09879112500000001 0.5 0.09771425 0.2594921875
0 0.238791125 0.5 0.09771425 0.2594921875
0 0.378791125 0.5 0.09771425 0.2594921875
0 0.518791125 0.5 0.09771425 0.2594921875
0 0.658791125 0.5 0.09771425 0.2594921875
0 0.7987911249999999 0.5 0.09771425 0.2594921875
0 0.9387911250000001 0.5 0.09771425 0.2594921875
0 0.034734 0.675 0.0216 0.0298046875
0 0.174734 0.325 0.0216 0.0298046875
0 0.31473399999999996 0.45 0.0216 0.0298046875
0 0.874734 0.075 0.0216 0.0298046875
0 0.02166825 0.5 0.00336 0.103515625
0 0.09683075000000001 0.5 0.00336 0.103515625
0 0.125195 0.5 0.00336 0.103515625
0 0.16417174999999998 0.5 0.00336 0.103515625
0 0.256695 0.5 0.00336 0.103515625
0 0.34029375 0.5 0.00336 0.103515625
0 0.367095 0.5 0.00336 0.103515625
0 0.4504115 0.5 0.00336 0.103515625
0 0.54975675 0.5 0.00336 0.103515625
0 0.66054525 0.5 0.00336 0.103515625
0 0.69140925 0.5 0.00336 0.103515625
0 0.719726 0.5 0.00336 0.103515625
0 0.7320490000000001 0.5 0.00336 0.103515625
0 0.77240025 0.5 0.00336 0.103515625
0 0.85825375 0.5 0.00336 0.103515625
0 0.96573025 0.5 0.00336 0.103515625
