0 0.026622125 0.375 0.05324425 0.2594921875
0 0.144387125 0.375 0.09771425 0.2594921875
0 0.28438712499999996 0.375 0.09771425 0.2594921875
0 0.424387125 0.375 0.09771425 0.2594921875
0 0.5643871250000001 0.375 0.09771425 0.2594921875
0 0.704387125 0.375 0.09771425 0.2594921875
0 0.8443871249999999 0.375 0.09771425 0.2594921875
0 0.967765 0.375 0.06447 0.2594921875
0 0.50033 0.6375 0.0216 0.0298046875
0 0.6403300000000001 0.7375 0.0216 0.0298046875
0 0.7803300000000001 0.425 0.0216 0.0298046875
0 0.018266625 0.5 0.03653325 0.8104195440185546
0 0.09525925 0.5 0.0391505 0.8104195440185546
0 0.17356074999999999 0.5 0.0391505 0.8104195440185546
0 0.25186225 0.5 0.0391505 0.8104195440185546
0 0.3301635 0.5 0.0391505 0.8104195440185546
0 0.40846499999999997 0.5 0.0391505 0.8104195440185546
0 0.4867665 0.5 0.0391505 0.8104195440185546
0 0.5650677500000001 0.5 0.0391505 0.8104195440185546
0 0.64336925 0.5 0.0391505 0.8104195440185546
