0 0.047539375 0.4375 0.09507875 0.2594921875
0 0.186221625 0.4375 0.09771425 0.2594921875
0 0.326221625 0.4375 0.09771425 0.2594921875
0 0.46622162500000003 0.4375 0.09771425 0.2594921875
0 0.6062216250000001 0.4375 0.09771425 0.2594921875
0 0.746221625 0.4375 0.09771425 0.2594921875
0 0.8862216249999999 0.4375 0.09771425 0.2594921875
0 0.98868225 0.4375 0.0226355 0.2594921875
0 0.8221645000000001 0.22499999999999998 0.0216 0.0298046875
0 0.8049007499999999 0.375 0.00084 0.4140625
0 0.8425922499999999 0.375 0.00084 0.4140625
0 0.92091075 0.375 0.00084 0.4140625
0 0.9305185 0.375 0.00084 0.4140625
0 0.967213 0.375 0.00084 0.4140625
0 0.94759775 0.75 0.00336 0.103515625
