0 0.010808375 0.625 0.02161675 0.2594921875
0 0.112759625 0.625 0.09771425 0.2594921875
0 0.252759625 0.625 0.09771425 0.2594921875
0 0.392759625 0.625 0.09771425 0.2594921875
0 0.532759625 0.625 0.09771425 0.2594921875
0 0.6727596250000001 0.625 0.09771425 0.2594921875
0 0.812759625 0.625 0.09771425 0.2594921875
0 0.95195125 0.625 0.0960975 0.2594921875
0 0.46870249999999997 0.55 0.0216 0.0298046875
0 0.7487025 0.6375 0.0216 0.0298046875
0 0.8887025000000001 0.3875 0.0216 0.0298046875
0 0.5158095 0.5 0.0346685 0.397967398828125
0 0.554914 0.7222222222222222 0.0346685 0.397967398828125
0 0.5975355 0.5 0.0346685 0.397967398828125
0 0.76339375 0.2777777777777778 0.0346685 0.397967398828125
0 0.84764175 0.5 0.0346685 0.397967398828125
0 0.8881105 0.2777777777777778 0.0346685 0.397967398828125
0 0.92890475 0.2777777777777778 0.0346685 0.397967398828125
0 0.6046311249999999 0.3 0.06314425 0.250869661328125
0 0.806602125 0.5 0.06314425 0.250869661328125
