0 0.047385875 0.1875 0.09477175 0.2594921875
0 0.185914625 0.1875 0.09771425 0.2594921875
0 0.325914625 0.1875 0.09771425 0.2594921875
0 0.465914625 0.1875 0.09771425 0.2594921875
0 0.605914625 0.1875 0.09771425 0.2594921875
0 0.7459146249999999 0.1875 0.09771425 0.2594921875
0 0.8859146250000001 0.1875 0.09771425 0.2594921875
0 0.9885287500000001 0.1875 0.0229425 0.2594921875
0 0.8218575 0.7875 0.0216 0.0298046875
0 0.9618575 0.125 0.0216 0.0298046875
0 0.18250825 0.75 0.00084 0.4140625
0 0.21929775 0.75 0.00084 0.4140625
0 0.3273195 0.75 0.00084 0.4140625
0 0.37918399999999997 0.75 0.00084 0.4140625
0 0.47650125 0.75 0.00084 0.4140625
0 0.5206959999999999 0.75 0.00084 0.4140625
0 0.5382804999999999 0.75 0.00084 0.4140625
0 0.5721784999999999 0.75 0.00084 0.4140625
0 0.6345085 0.75 0.00084 0.4140625
0 0.7389855 0.75 0.00084 0.4140625
0 0.7459392499999999 0.75 0.00084 0.4140625
0 0.81921975 0.75 0.00084 0.4140625
0 0.8748975 0.75 0.00084 0.4140625
0 0.89325575 0.75 0.00084 0.4140625
0 0.9513355 0.75 0.00084 0.4140625
0 0.9672565 0.75 0.00084 0.4140625
