0 0.04634425 0.1875 0.0926885 0.2594921875
0 0.183831375 0.1875 0.09771425 0.2594921875
0 0.323831375 0.1875 0.09771425 0.2594921875
0 0.463831375 0.1875 0.09771425 0.2594921875
0 0.603831375 0.1875 0.09771425 0.2594921875
0 0.7438313750000001 0.1875 0.09771425 0.2594921875
0 0.883831375 0.1875 0.09771425 0.2594921875
0 0.987487125 0.1875 0.02502575 0.2594921875
0 0.25977425 0.6625 0.0216 0.0298046875
0 0.53977425 0.8 0.0216 0.0298046875
0 0.3738625 0.625 0.00084 0.4140625
0 0.44646125 0.625 0.00084 0.4140625
0 0.5331359999999999 0.625 0.00084 0.4140625
0 0.6312384999999999 0.625 0.00084 0.4140625
0 0.6857814999999999 0.625 0.00084 0.4140625
0 0.78947475 0.625 0.00084 0.4140625
0 0.8776149999999999 0.625 0.00084 0.4140625
0 0.92458825 0.625 0.00084 0.4140625
0 0.9408504999999999 0.625 0.00084 0.4140625
0 0.9674364999999999 0.625 0.00084 0.4140625
0 0.21172512500000001 0.5 0.08729075 0.7855871501342774
0 0.304090625 0.5 0.08729075 0.7855871501342774
0 0.400779125 0.5 0.08729075 0.7855871501342774
0 0.494948625 0.5 0.08729075 0.7855871501342774
