0 0.0151615 0.5625 0.030323 0.2594921875
0 0.121465875 0.5625 0.09771425 0.2594921875
0 0.261465875 0.5625 0.09771425 0.2594921875
0 0.401465875 0.5625 0.09771425 0.2594921875
0 0.541465875 0.5625 0.09771425 0.2594921875
0 0.681465875 0.5625 0.09771425 0.2594921875
0 0.8214658749999999 0.5625 0.09771425 0.2594921875
0 0.956304375 0.5625 0.08739125 0.2594921875
0 0.47740875 0.6625 0.0216 0.0298046875
0 0.7574087500000001 0.175 0.0216 0.0298046875
0 0.89740875 0.5125000000000001 0.0216 0.0298046875
0 0.13913762500000001 0.5 0.20530675 0.927477559753418
0 0.39679787499999997 0.5 0.20530675 0.927477559753418
