0 0.000616375 0.625 0.00123275 0.2594921875
0 0.092375625 0.625 0.09771425 0.2594921875
0 0.232375625 0.625 0.09771425 0.2594921875
0 0.372375625 0.625 0.09771425 0.2594921875
0 0.512375625 0.625 0.09771425 0.2594921875
0 0.6523756249999999 0.625 0.09771425 0.2594921875
0 0.792375625 0.625 0.09771425 0.2594921875
0 0.9323756249999999 0.625 0.09771425 0.2594921875
0 0.44831849999999995 0.2375 0.0216 0.0298046875
0 0.7283185 0.625 0.0216 0.0298046875
0 0.8683185 0.525 0.0216 0.0298046875
