0 0.022975375 0.4375 0.04595075 0.2594921875
0 0.137093625 0.4375 0.09771425 0.2594921875
0 0.277093625 0.4375 0.09771425 0.2594921875
0 0.417093625 0.4375 0.09771425 0.2594921875
0 0.557093625 0.4375 0.09771425 0.2594921875
0 0.6970936249999999 0.4375 0.09771425 0.2594921875
0 0.8370936250000001 0.4375 0.09771425 0.2594921875
0 0.9641182500000001 0.4375 0.0717635 0.2594921875
0 0.3530365 0.55 0.0216 0.0298046875
0 0.7730365 0.8125 0.0216 0.0298046875
0 0.9130365 0.55 0.0216 0.0298046875
0 0.934905 0.75 0.00084 0.4140625
0 0.900504375 0.5 0.04144875 0.4253315735839844
0 0.9460731250000001 0.5 0.04144875 0.4253315735839844
0 0.987070375 0.5 0.02585925 0.4253315735839844
0 0.018564875 0.5 0.02977025 0.6872582433105469
0 0.077957125 0.5 0.02977025 0.6872582433105469
0 0.137349375 0.5 0.02977025 0.6872582433105469
0 0.196741625 0.5 0.02977025 0.6872582433105469
0 0.256134125 0.5 0.02977025 0.6872582433105469
0 0.315526375 0.5 0.02977025 0.6872582433105469
0 0.374918625 0.5 0.02977025 0.6872582433105469
0 0.434310875 0.5 0.02977025 0.6872582433105469
0 0.493703125 0.5 0.02977025 0.6872582433105469
0 0.5530956250000001 0.5 0.02977025 0.6872582433105469
0 0.612487875 0.5 0.02977025 0.6872582433105469
0 0.671880125 0.5 0.02977025 0.6872582433105469
0 0.7312723750000001 0.5 0.02977025 0.6872582433105469
