0 0.08315462500000001 0.25 0.09771425 0.2594921875
0 0.223154625 0.25 0.09771425 0.2594921875
0 0.363154625 0.25 0.09771425 0.2594921875
0 0.5031546250000001 0.25 0.09771425 0.2594921875
0 0.643154625 0.25 0.09771425 0.2594921875
0 0.7831546250000001 0.25 0.09771425 0.2594921875
0 0.923154625 0.25 0.09771425 0.2594921875
0 0.1590975 0.25 0.0216 0.0298046875
0 0.29909749999999996 0.3875 0.0216 0.0298046875
0 0.4390975 0.39999999999999997 0.0216 0.0298046875
0 0.5790975 0.3625 0.0216 0.0298046875
0 0.7190975000000001 0.8 0.0216 0.0298046875
0 0.8590975000000001 0.9125 0.0216 0.0298046875
0 0.99414875 0.5625 0.0117025 0.0298046875
0 0.563843 0.25 0.00336 0.103515625
0 0.61049825 0.25 0.00336 0.103515625
0 0.660697 0.25 0.00336 0.103515625
0 0.76503325 0.25 0.00336 0.103515625
0 0.87470875 0.25 0.00336 0.103515625
0 0.9847585 0.25 0.00336 0.103515625
0 0.009633375 0.75 0.01926675 0.49443303433227537
0 0.265952875 0.75 0.19049075 0.49443303433227537
0 0.6078843749999999 0.75 0.19049075 0.49443303433227537
0 0.9272851249999999 0.75 0.14542975 0.49443303433227537
