0 0.69221575 0.5125000000000001 0.0216 0.0298046875
0 0.13990325 0.5 0.00084 0.4140625
0 0.22197675 0.5 0.00084 0.4140625
0 0.3200995 0.5 0.00084 0.4140625
0 0.41816074999999997 0.5 0.00084 0.4140625
0 0.5134164999999999 0.5 0.00084 0.4140625
0 0.56586125 0.5 0.00084 0.4140625
0 0.65722525 0.5 0.00084 0.4140625
0 0.7336455 0.5 0.00084 0.4140625
0 0.843495 0.5 0.00084 0.4140625
0 0.8595309999999999 0.5 0.00084 0.4140625
0 0.9228335 0.5 0.00084 0.4140625
0 0.94188975 0.5 0.00084 0.4140625
0 0.95875975 0.5 0.00084 0.4140625
0 0.9203447499999999 0.5 0.1593105 0.1392809754638672
