0 0.077410875 0.5625 0.09771425 0.2594921875
0 0.217410875 0.5625 0.09771425 0.2594921875
0 0.357410875 0.5625 0.09771425 0.2594921875
0 0.497410875 0.5625 0.09771425 0.2594921875
0 0.637410875 0.5625 0.09771425 0.2594921875
0 0.777410875 0.5625 0.09771425 0.2594921875
0 0.9174108750000001 0.5625 0.09771425 0.2594921875
0 0.013353750000000001 0.725 0.0216 0.0298046875
0 0.15335375 0.2375 0.0216 0.0298046875
0 0.43335375 0.725 0.0216 0.0298046875
0 0.71335375 0.875 0.0216 0.0298046875
0 0.85335375 0.6 0.0216 0.0298046875
