0 0.05761525000000001 0.5125000000000001 0.0216 0.0298046875
0 0.19761525 0.5 0.0216 0.0298046875
0 0.47761525 0.675 0.0216 0.0298046875
0 0.6176152500000001 0.2625 0.0216 0.0298046875
0 0.66324 0.875 0.00336 0.103515625
0 0.7430995 0.875 0.00336 0.103515625
0 0.83711625 0.875 0.00336 0.103515625
0 0.841924 0.875 0.00336 0.103515625
0 0.84595225 0.875 0.00336 0.103515625
0 0.8953755 0.875 0.00336 0.103515625
0 0.9010555 0.875 0.00336 0.103515625
0 0.9986885 0.875 0.002623 0.103515625
0 0.018260625 0.5 0.03652125 0.5266163125122071
0 0.160801 0.5 0.169088 0.5266163125122071
0 0.369625 0.5 0.169088 0.5266163125122071
0 0.57844875 0.5 0.169088 0.5266163125122071
0 0.7872724999999999 0.5 0.169088 0.5266163125122071
0 0.955776125 0.5 0.08844775 0.5266163125122071
