0 0.036289749999999996 0.6 0.0216 0.0298046875
0 0.7362897500000001 0.6875 0.0216 0.0298046875
0 0.87628975 0.2375 0.0216 0.0298046875
0 0.2699205 0.625 0.00336 0.103515625
0 0.30058850000000004 0.625 0.00336 0.103515625
0 0.37129675 0.625 0.00336 0.103515625
0 0.4591985 0.625 0.00336 0.103515625
0 0.5474005000000001 0.625 0.00336 0.103515625
0 0.57022575 0.625 0.00336 0.103515625
0 0.66206725 0.625 0.00336 0.103515625
0 0.76086475 0.625 0.00336 0.103515625
0 0.7867655 0.625 0.00336 0.103515625
0 0.8684895 0.625 0.00336 0.103515625
0 0.95769 0.625 0.00336 0.103515625
0 0.413491 0.5 0.0439875 0.09855055224609376
0 0.5638675000000001 0.5 0.0439875 0.09855055224609376
0 0.867436 0.5 0.0439875 0.09855055224609376
0 0.9174485 0.0555555555555556 0.0439875 0.09855055224609376
0 0.96479875 0.7222222222222222 0.0439875 0.09855055224609376
