0 0.29653175 0.19999999999999998 0.0216 0.0298046875
0 0.71653175 0.8375 0.0216 0.0298046875
0 0.992865875 0.575 0.01426825 0.0298046875
0 0.67275225 0.625 0.00336 0.103515625
0 0.7564295 0.625 0.00336 0.103515625
0 0.8042905 0.625 0.00336 0.103515625
0 0.82106825 0.625 0.00336 0.103515625
0 0.92509675 0.625 0.00336 0.103515625
0 0.94210825 0.625 0.00336 0.103515625
0 0.9972835 0.625 0.00336 0.103515625
0 0.430577875 0.5 0.09846275 0.8731605687866211
0 0.664920375 0.5 0.09846275 0.8731605687866211
