0 0.0415585 0.1875 0.083117 0.2594921875
0 0.174259875 0.1875 0.09771425 0.2594921875
0 0.314259875 0.1875 0.09771425 0.2594921875
0 0.454259875 0.1875 0.09771425 0.2594921875
0 0.5942598750000001 0.1875 0.09771425 0.2594921875
0 0.734259875 0.1875 0.09771425 0.2594921875
0 0.8742598749999999 0.1875 0.09771425 0.2594921875
0 0.982701375 0.1875 0.03459725 0.2594921875
0 0.25020275 0.35 0.0216 0.0298046875
0 0.39020275 0.16249999999999998 0.0216 0.0298046875
0 0.967314875 0.8999999999999999 0.06537025 0.12681495483398436
