0 0.014715875 0.5625 0.02943175 0.2594921875
0 0.120574625 0.5625 0.09771425 0.2594921875
0 0.260574625 0.5625 0.09771425 0.2594921875
0 0.400574625 0.5625 0.09771425 0.2594921875
0 0.540574625 0.5625 0.09771425 0.2594921875
0 0.680574625 0.5625 0.09771425 0.2594921875
0 0.8205746249999999 0.5625 0.09771425 0.2594921875
0 0.95585875 0.5625 0.0882825 0.2594921875
0 0.4765175 0.9 0.0216 0.0298046875
0 0.6165175 0.4875 0.0216 0.0298046875
0 0.7565175000000001 0.2625 0.0216 0.0298046875
0 0.8965175000000001 0.1 0.0216 0.0298046875
0 0.7199800000000001 0.875 0.00336 0.103515625
0 0.7681105 0.875 0.00336 0.103515625
0 0.8323245 0.875 0.00336 0.103515625
0 0.86481475 0.875 0.00336 0.103515625
0 0.8939495000000001 0.875 0.00336 0.103515625
0 0.985411 0.875 0.00336 0.103515625
0 0.0429235 0.2272727272727273 0.0503895 0.1594080205078125
0 0.19820074999999998 0.5909090909090909 0.0503895 0.1594080205078125
0 0.275839375 0.8636363636363636 0.05038975 0.1594080205078125
0 0.89694825 0.13636363636363638 0.0503895 0.1594080205078125
