0 0.079914125 0.3125 0.09771425 0.2594921875
0 0.219914125 0.3125 0.09771425 0.2594921875
0 0.359914125 0.3125 0.09771425 0.2594921875
0 0.499914125 0.3125 0.09771425 0.2594921875
0 0.639914125 0.3125 0.09771425 0.2594921875
0 0.7799141249999999 0.3125 0.09771425 0.2594921875
0 0.919914125 0.3125 0.09771425 0.2594921875
0 0.015857 0.7 0.0216 0.0298046875
0 0.155857 0.925 0.0216 0.0298046875
0 0.295857 0.7625 0.0216 0.0298046875
0 0.7158570000000001 0.8625 0.0216 0.0298046875
0 0.9925284999999999 0.575 0.014943 0.0298046875
0 0.939701125 0.5 0.05490175 0.42814481821289063
