0 0.004111125 0.1875 0.00822225 0.2594921875
0 0.099365125 0.1875 0.09771425 0.2594921875
0 0.239365125 0.1875 0.09771425 0.2594921875
0 0.379365125 0.1875 0.09771425 0.2594921875
0 0.519365125 0.1875 0.09771425 0.2594921875
0 0.6593651250000001 0.1875 0.09771425 0.2594921875
0 0.799365125 0.1875 0.09771425 0.2594921875
0 0.9393651249999999 0.1875 0.09771425 0.2594921875
0 0.035308 0.8875 0.0216 0.0298046875
0 0.175308 0.3625 0.0216 0.0298046875
0 0.7353080000000001 0.825 0.0216 0.0298046875
0 0.3849345 0.375 0.00336 0.103515625
0 0.48512475 0.375 0.00336 0.103515625
0 0.53813225 0.375 0.00336 0.103515625
0 0.5435515 0.375 0.00336 0.103515625
0 0.6249877500000001 0.375 0.00336 0.103515625
0 0.6435915 0.375 0.00336 0.103515625
0 0.66052825 0.375 0.00336 0.103515625
0 0.7649215 0.375 0.00336 0.103515625
0 0.82707475 0.375 0.00336 0.103515625
0 0.8551340000000001 0.375 0.00336 0.103515625
0 0.9257420000000001 0.375 0.00336 0.103515625
0 0.95232275 0.375 0.00336 0.103515625
