0 0.0241475 0.8125 0.048295 0.2594921875
0 0.139437875 0.8125 0.09771425 0.2594921875
0 0.279437875 0.8125 0.09771425 0.2594921875
0 0.419437875 0.8125 0.09771425 0.2594921875
0 0.559437875 0.8125 0.09771425 0.2594921875
0 0.6994378750000001 0.8125 0.09771425 0.2594921875
0 0.839437875 0.8125 0.09771425 0.2594921875
0 0.9652903749999999 0.8125 0.06941925 0.2594921875
0 0.07538075000000001 0.95 0.0216 0.0298046875
0 0.21538075 0.525 0.0216 0.0298046875
0 0.35538074999999997 0.425 0.0216 0.0298046875
0 0.49538075 0.3 0.0216 0.0298046875
0 0.63538075 0.65 0.0216 0.0298046875
0 0.42468625 0.375 0.00336 0.103515625
0 0.52875925 0.375 0.00336 0.103515625
0 0.548045 0.375 0.00336 0.103515625
0 0.58748475 0.375 0.00336 0.103515625
0 0.664886 0.375 0.00336 0.103515625
0 0.7283040000000001 0.375 0.00336 0.103515625
0 0.81956825 0.375 0.00336 0.103515625
0 0.894073 0.375 0.00336 0.103515625
0 0.96105775 0.375 0.00336 0.103515625
0 0.604012875 0.2894736842105263 0.79197425 0.042661157135009765
