0 0.011691 0.5 0.023382 0.2594921875
0 0.114524875 0.5 0.09771425 0.2594921875
0 0.254524875 0.5 0.09771425 0.2594921875
0 0.394524875 0.5 0.09771425 0.2594921875
0 0.534524875 0.5 0.09771425 0.2594921875
0 0.6745248749999999 0.5 0.09771425 0.2594921875
0 0.814524875 0.5 0.09771425 0.2594921875
0 0.952833875 0.5 0.09433225 0.2594921875
0 0.050467750000000006 0.3 0.0216 0.0298046875
0 0.33046774999999995 0.7125 0.0216 0.0298046875
0 0.75046775 0.2375 0.0216 0.0298046875
0 0.758480375 0.5 0.11937925 0.9261645303955078
0 0.884651125 0.5 0.11937925 0.9261645303955078
0 0.9757319999999999 0.5 0.048536 0.9261645303955078
0 0.09789062500000001 0.5 0.08844475 0.9952069717041016
