0 0.10446625000000001 0.75 0.0216 0.0298046875
0 0.38446624999999995 0.6125 0.0216 0.0298046875
0 0.80446625 0.775 0.0216 0.0298046875
0 0.9847947499999999 0.25 0.00084 0.4140625
0 0.105875 0.75 0.00336 0.103515625
0 0.12280375 0.75 0.00336 0.103515625
0 0.17102199999999998 0.75 0.00336 0.103515625
0 0.21563425 0.75 0.00336 0.103515625
0 0.30745025000000004 0.75 0.00336 0.103515625
0 0.38842775 0.75 0.00336 0.103515625
0 0.423906 0.75 0.00336 0.103515625
0 0.5211377500000001 0.75 0.00336 0.103515625
0 0.55785175 0.75 0.00336 0.103515625
0 0.58628675 0.75 0.00336 0.103515625
0 0.68637625 0.75 0.00336 0.103515625
0 0.70947975 0.75 0.00336 0.103515625
0 0.79604925 0.75 0.00336 0.103515625
0 0.836075 0.75 0.00336 0.103515625
0 0.8975175 0.75 0.00336 0.103515625
0 0.98643375 0.75 0.00336 0.103515625
0 0.083335625 0.5 0.05491275 0.52162690078125
0 0.14092612499999999 0.5 0.05491275 0.52162690078125
0 0.204889875 0.5 0.05491275 0.52162690078125
0 0.266366125 0.5 0.05491275 0.52162690078125
0 0.330237625 0.5 0.05491275 0.52162690078125
0 0.394359625 0.5 0.05491275 0.52162690078125
0 0.454260625 0.5 0.05491275 0.52162690078125
0 0.511994625 0.5 0.05491275 0.52162690078125
0 0.569440875 0.5 0.05491275 0.52162690078125
0 0.632039375 0.5 0.05491275 0.52162690078125
0 0.689349875 0.5 0.05491275 0.52162690078125
0 0.7454578749999999 0.5 0.05491275 0.52162690078125
0 0.805632625 0.5 0.05491275 0.52162690078125
0 0.8655658749999999 0.5 0.05491275 0.52162690078125
