0 0.006499125 0.6875 0.01299825 0.2594921875
0 0.104141125 0.6875 0.09771425 0.2594921875
0 0.24414112500000001 0.6875 0.09771425 0.2594921875
0 0.384141125 0.6875 0.09771425 0.2594921875
0 0.524141125 0.6875 0.09771425 0.2594921875
0 0.664141125 0.6875 0.09771425 0.2594921875
0 0.8041411249999999 0.6875 0.09771425 0.2594921875
0 0.944141125 0.6875 0.09771425 0.2594921875
0 0.040084 0.39999999999999997 0.0216 0.0298046875
0 0.180084 0.65 0.0216 0.0298046875
0 0.460084 0.4875 0.0216 0.0298046875
0 0.6000840000000001 0.7875 0.0216 0.0298046875
0 0.473540125 0.5 0.05163825 0.6042296302001953
0 0.531443375 0.5 0.05163825 0.6042296302001953
0 0.5924936249999999 0.5 0.05163825 0.6042296302001953
0 0.6539278749999999 0.5 0.05163825 0.6042296302001953
0 0.7129138749999999 0.5 0.05163825 0.6042296302001953
0 0.7712898749999999 0.5 0.05163825 0.6042296302001953
0 0.828165375 0.5 0.05163825 0.6042296302001953
0 0.885232375 0.5 0.05163825 0.6042296302001953
0 0.9450503750000001 0.5 0.05163825 0.6042296302001953
0 0.987579 0.5 0.024842 0.6042296302001953
