0 0.00927625 0.6875 0.0185525 0.2594921875
0 0.10969537500000001 0.6875 0.09771425 0.2594921875
0 0.249695375 0.6875 0.09771425 0.2594921875
0 0.389695375 0.6875 0.09771425 0.2594921875
0 0.529695375 0.6875 0.09771425 0.2594921875
0 0.6696953750000001 0.6875 0.09771425 0.2594921875
0 0.809695375 0.6875 0.09771425 0.2594921875
0 0.9496953749999999 0.6875 0.09771425 0.2594921875
0 0.045638250000000005 0.575 0.0216 0.0298046875
0 0.87068875 0.33333333333333326 0.2586225 0.3619859529418945
