0 0.11575500000000001 0.5 0.0216 0.0298046875
0 0.675755 0.27499999999999997 0.0216 0.0298046875
0 0.955755 0.16249999999999998 0.0216 0.0298046875
0 0.986457 0.5 0.00084 0.4140625
0 0.0937915 0.5 0.071229 0.5242166942138672
0 0.169133 0.5 0.071229 0.5242166942138672
0 0.24612825 0.5 0.071229 0.5242166942138672
0 0.32226175 0.5 0.071229 0.5242166942138672
0 0.39729375 0.5 0.071229 0.5242166942138672
0 0.46996675 0.5 0.071229 0.5242166942138672
0 0.54959325 0.5 0.071229 0.5242166942138672
0 0.626322 0.5 0.071229 0.5242166942138672
0 0.70682175 0.5 0.071229 0.5242166942138672
0 0.78493425 0.5 0.071229 0.5242166942138672
0 0.8613355 0.5 0.071229 0.5242166942138672
