0 0.13939875000000002 0.8625 0.0216 0.0298046875
0 0.27939875 0.46249999999999997 0.0216 0.0298046875
0 0.8393987500000001 0.45 0.0216 0.0298046875
0 0.636434125 0.5 0.10499825 0.17276949921875
0 0.742661375 0.5 0.10499825 0.17276949921875
0 0.020655375 0.5 0.04131075 0.7027989687988281
0 0.13856374999999999 0.5 0.091748 0.7027989687988281
0 0.281691 0.5 0.091748 0.7027989687988281
0 0.42481824999999995 0.5 0.091748 0.7027989687988281
0 0.56794525 0.5 0.091748 0.7027989687988281
0 0.7110725 0.5 0.091748 0.7027989687988281
0 0.8541995 0.5 0.091748 0.7027989687988281
