0 0.006025875 0.1875 0.01205175 0.2594921875
0 0.103194625 0.1875 0.09771425 0.2594921875
0 0.243194625 0.1875 0.09771425 0.2594921875
0 0.383194625 0.1875 0.09771425 0.2594921875
0 0.523194625 0.1875 0.09771425 0.2594921875
0 0.663194625 0.1875 0.09771425 0.2594921875
0 0.8031946249999999 0.1875 0.09771425 0.2594921875
0 0.9431946250000001 0.1875 0.09771425 0.2594921875
0 0.1791375 0.35 0.0216 0.0298046875
0 0.7391375 0.15 0.0216 0.0298046875
0 0.985317 0.625 0.00084 0.4140625
0 0.0431955 0.625 0.00336 0.103515625
0 0.057118 0.625 0.00336 0.103515625
0 0.16533525 0.625 0.00336 0.103515625
0 0.191484 0.625 0.00336 0.103515625
0 0.24497124999999997 0.625 0.00336 0.103515625
0 0.30052725 0.625 0.00336 0.103515625
0 0.392162 0.625 0.00336 0.103515625
0 0.4987515 0.625 0.00336 0.103515625
0 0.5275920000000001 0.625 0.00336 0.103515625
0 0.57291675 0.625 0.00336 0.103515625
0 0.612867 0.625 0.00336 0.103515625
0 0.7135757500000001 0.625 0.00336 0.103515625
0 0.719798 0.625 0.00336 0.103515625
0 0.7536775 0.625 0.00336 0.103515625
0 0.86087325 0.625 0.00336 0.103515625
0 0.9052060000000001 0.625 0.00336 0.103515625
0 0.983805 0.625 0.00336 0.103515625
0 0.0444405 0.5 0.087334 0.257699694140625
0 0.13529225 0.5 0.087334 0.257699694140625
0 0.23242924999999998 0.5 0.087334 0.257699694140625
0 0.32784 0.5 0.087334 0.257699694140625
0 0.41729825000000004 0.5 0.087334 0.257699694140625
0 0.5087707499999999 0.5 0.087334 0.257699694140625
0 0.5972825 0.5 0.087334 0.257699694140625
0 0.69034525 0.5 0.087334 0.257699694140625
0 0.784052 0.5 0.087334 0.257699694140625
0 0.87597925 0.5 0.087334 0.257699694140625
