0 0.051393375 0.1875 0.09771425 0.2594921875
0 0.191393375 0.1875 0.09771425 0.2594921875
0 0.331393375 0.1875 0.09771425 0.2594921875
0 0.471393375 0.1875 0.09771425 0.2594921875
0 0.611393375 0.1875 0.09771425 0.2594921875
0 0.7513933749999999 0.1875 0.09771425 0.2594921875
0 0.891393375 0.1875 0.09771425 0.2594921875
0 0.9912681249999999 0.1875 0.01746375 0.2594921875
0 0.5473362500000001 0.6 0.0216 0.0298046875
0 0.68733625 0.4875 0.0216 0.0298046875
0 0.82733625 0.3 0.0216 0.0298046875
0 0.62832075 0.375 0.00336 0.103515625
0 0.6959125 0.375 0.00336 0.103515625
0 0.7279485 0.375 0.00336 0.103515625
0 0.77945275 0.375 0.00336 0.103515625
0 0.80624575 0.375 0.00336 0.103515625
0 0.896688 0.375 0.00336 0.103515625
0 0.9681817500000001 0.375 0.00336 0.103515625
0 0.976371 0.375 0.00336 0.103515625
0 0.28946875 0.5 0.0883725 0.8338786837646485
0 0.45914425 0.5 0.0883725 0.8338786837646485
0 0.7984955 0.5 0.0883725 0.8338786837646485
0 0.9619924999999999 0.5 0.076015 0.8338786837646485
