0 0.042632875 0.5625 0.08526575 0.2594921875
0 0.176408625 0.5625 0.09771425 0.2594921875
0 0.316408625 0.5625 0.09771425 0.2594921875
0 0.456408625 0.5625 0.09771425 0.2594921875
0 0.596408625 0.5625 0.09771425 0.2594921875
0 0.7364086249999999 0.5625 0.09771425 0.2594921875
0 0.876408625 0.5625 0.09771425 0.2594921875
0 0.9837757500000001 0.5625 0.0324485 0.2594921875
0 0.1123515 0.8375 0.0216 0.0298046875
0 0.39235149999999996 0.8625 0.0216 0.0298046875
0 0.6723515 0.475 0.0216 0.0298046875
0 0.9902402499999999 0.5 0.0195195 0.27254459454345703
0 0.8807320000000001 0.5 0.0402115 0.40029576733398436
