0 0.0458935 0.3125 0.091787 0.2594921875
0 0.182929875 0.3125 0.09771425 0.2594921875
0 0.322929875 0.3125 0.09771425 0.2594921875
0 0.462929875 0.3125 0.09771425 0.2594921875
0 0.6029298750000001 0.3125 0.09771425 0.2594921875
0 0.742929875 0.3125 0.09771425 0.2594921875
0 0.8829298750000001 0.3125 0.09771425 0.2594921875
0 0.9870363750000001 0.3125 0.02592725 0.2594921875
0 0.11887275 0.125 0.0216 0.0298046875
0 0.39887275 0.575 0.0216 0.0298046875
0 0.95887275 0.39999999999999997 0.0216 0.0298046875
0 0.5050655 0.5 0.00084 0.4140625
0 0.5388265 0.5 0.00084 0.4140625
0 0.5408115 0.5 0.00084 0.4140625
0 0.64668525 0.5 0.00084 0.4140625
0 0.668477 0.5 0.00084 0.4140625
0 0.77631575 0.5 0.00084 0.4140625
0 0.8155392499999999 0.5 0.00084 0.4140625
0 0.8308377499999999 0.5 0.00084 0.4140625
0 0.94018925 0.5 0.00084 0.4140625
0 0.97167025 0.5 0.00084 0.4140625
0 0.457026 0.5 0.2308405 0.5055760632019043
0 0.8137362499999999 0.5 0.110231 0.9658786072082519
0 0.9283465 0.5 0.110231 0.9658786072082519
