0 0.0676375 0.9125 0.0216 0.0298046875
0 0.2076375 0.7125 0.0216 0.0298046875
0 0.3476375 0.1 0.0216 0.0298046875
0 0.4876375 0.25 0.0216 0.0298046875
0 0.6276375000000001 0.325 0.0216 0.0298046875
0 0.7676375000000001 0.55 0.0216 0.0298046875
0 0.94450625 0.25 0.00084 0.4140625
0 0.41326275 0.75 0.00336 0.103515625
0 0.50459725 0.75 0.00336 0.103515625
0 0.60247075 0.75 0.00336 0.103515625
0 0.68840475 0.75 0.00336 0.103515625
0 0.79077325 0.75 0.00336 0.103515625
0 0.89268275 0.75 0.00336 0.103515625
0 0.9595455 0.75 0.00336 0.103515625
0 0.844242875 0.5 0.28872725 0.42548799572753904
0 0.10734225 0.5 0.1281305 0.7428788140014648
0 0.9094972499999999 0.5 0.1281305 0.7428788140014648
