0 0.045871375 0.375 0.09174275 0.2594921875
0 0.182885625 0.375 0.09771425 0.2594921875
0 0.322885625 0.375 0.09771425 0.2594921875
0 0.462885625 0.375 0.09771425 0.2594921875
0 0.6028856250000001 0.375 0.09771425 0.2594921875
0 0.742885625 0.375 0.09771425 0.2594921875
0 0.8828856249999999 0.375 0.09771425 0.2594921875
0 0.98701425 0.375 0.0259715 0.2594921875
0 0.1188285 0.7125 0.0216 0.0298046875
0 0.3988285 0.9625 0.0216 0.0298046875
0 0.5388285 0.1875 0.0216 0.0298046875
0 0.8188285000000001 0.075 0.0216 0.0298046875
0 0.9588285000000001 0.575 0.0216 0.0298046875
0 0.0037275 0.375 0.00336 0.103515625
0 0.0430085 0.375 0.00336 0.103515625
0 0.10730175 0.375 0.00336 0.103515625
0 0.20726224999999998 0.375 0.00336 0.103515625
0 0.26210475 0.375 0.00336 0.103515625
0 0.28305125000000003 0.375 0.00336 0.103515625
0 0.32963375 0.375 0.00336 0.103515625
0 0.3464125 0.375 0.00336 0.103515625
0 0.4314605 0.375 0.00336 0.103515625
0 0.44668425 0.375 0.00336 0.103515625
0 0.50957175 0.375 0.00336 0.103515625
0 0.567821 0.375 0.00336 0.103515625
0 0.6043937500000001 0.375 0.00336 0.103515625
0 0.650055 0.375 0.00336 0.103515625
0 0.7198950000000001 0.375 0.00336 0.103515625
0 0.7704555 0.375 0.00336 0.103515625
0 0.84840675 0.375 0.00336 0.103515625
0 0.8834215 0.375 0.00336 0.103515625
0 0.90913275 0.375 0.00336 0.103515625
0 0.97747925 0.375 0.00336 0.103515625
