0 0.065292875 0.625 0.09771425 0.2594921875
0 0.205292875 0.625 0.09771425 0.2594921875
0 0.345292875 0.625 0.09771425 0.2594921875
0 0.485292875 0.625 0.09771425 0.2594921875
0 0.625292875 0.625 0.09771425 0.2594921875
0 0.7652928750000001 0.625 0.09771425 0.2594921875
0 0.905292875 0.625 0.09771425 0.2594921875
0 0.9982178749999999 0.625 0.00356425 0.2594921875
0 0.28123574999999995 0.4375 0.0216 0.0298046875
0 0.70123575 0.025 0.0216 0.0298046875
0 0.8412357500000001 0.8125 0.0216 0.0298046875
0 0.822182 0.21428571428571427 0.069116 0.2218008474609375
0 0.9710941249999999 0.5 0.05781175 0.2218008474609375
0 0.253354375 0.5 0.07870525 0.5329110703125
0 0.336402125 0.5 0.07870525 0.5329110703125
0 0.41993112499999996 0.5 0.07870525 0.5329110703125
0 0.501131375 0.5 0.07870525 0.5329110703125
0 0.5889078750000001 0.5 0.07870525 0.5329110703125
0 0.672407375 0.5 0.07870525 0.5329110703125
0 0.755402625 0.5 0.07870525 0.5329110703125
0 0.8413161250000001 0.5 0.07870525 0.5329110703125
