0 0.045753125 0.1875 0.09150625 0.2594921875
0 0.182649125 0.1875 0.09771425 0.2594921875
0 0.322649125 0.1875 0.09771425 0.2594921875
0 0.462649125 0.1875 0.09771425 0.2594921875
0 0.6026491249999999 0.1875 0.09771425 0.2594921875
0 0.742649125 0.1875 0.09771425 0.2594921875
0 0.8826491249999999 0.1875 0.09771425 0.2594921875
0 0.986896 0.1875 0.026208 0.2594921875
0 0.118592 0.5375 0.0216 0.0298046875
0 0.258592 0.1 0.0216 0.0298046875
0 0.398592 0.7125 0.0216 0.0298046875
0 0.45957975 0.25 0.00336 0.103515625
0 0.567163 0.25 0.00336 0.103515625
0 0.6550892500000001 0.25 0.00336 0.103515625
0 0.73688175 0.25 0.00336 0.103515625
0 0.75198575 0.25 0.00336 0.103515625
0 0.851962 0.25 0.00336 0.103515625
0 0.8658162500000001 0.25 0.00336 0.103515625
0 0.959816 0.25 0.00336 0.103515625
0 0.87071975 0.5 0.2585605 0.5928854922180176
