0 0.04633725 0.25 0.0926745 0.2594921875
0 0.183817375 0.25 0.09771425 0.2594921875
0 0.323817375 0.25 0.09771425 0.2594921875
0 0.463817375 0.25 0.09771425 0.2594921875
0 0.603817375 0.25 0.09771425 0.2594921875
0 0.7438173749999999 0.25 0.09771425 0.2594921875
0 0.883817375 0.25 0.09771425 0.2594921875
0 0.9874801249999999 0.25 0.02503975 0.2594921875
0 0.11976025 0.95 0.0216 0.0298046875
0 0.25976024999999997 0.08750000000000001 0.0216 0.0298046875
0 0.8197602500000001 0.625 0.0216 0.0298046875
0 0.95976025 0.45 0.0216 0.0298046875
0 0.611307 0.125 0.00336 0.103515625
0 0.664757 0.125 0.00336 0.103515625
0 0.723395 0.125 0.00336 0.103515625
0 0.82140225 0.125 0.00336 0.103515625
0 0.8700592500000001 0.125 0.00336 0.103515625
0 0.9439065 0.125 0.00336 0.103515625
0 0.98689975 0.125 0.00336 0.103515625
0 0.02737475 0.5 0.0547495 0.6888800934448243
0 0.15111512500000002 0.5 0.06834425 0.6888800934448243
0 0.281652875 0.5 0.06834425 0.6888800934448243
0 0.412190625 0.5 0.06834425 0.6888800934448243
0 0.542728125 0.5 0.06834425 0.6888800934448243
0 0.673265875 0.5 0.06834425 0.6888800934448243
