0 0.083718875 0.4375 0.09771425 0.2594921875
0 0.223718875 0.4375 0.09771425 0.2594921875
0 0.363718875 0.4375 0.09771425 0.2594921875
0 0.503718875 0.4375 0.09771425 0.2594921875
0 0.643718875 0.4375 0.09771425 0.2594921875
0 0.7837188749999999 0.4375 0.09771425 0.2594921875
0 0.923718875 0.4375 0.09771425 0.2594921875
0 0.43966174999999996 0.19999999999999998 0.0216 0.0298046875
0 0.71966175 0.175 0.0216 0.0298046875
0 0.40599674999999996 0.75 0.00084 0.4140625
0 0.45028025 0.75 0.00084 0.4140625
0 0.5523855 0.75 0.00084 0.4140625
0 0.59869925 0.75 0.00084 0.4140625
0 0.70334225 0.75 0.00084 0.4140625
0 0.727324 0.75 0.00084 0.4140625
0 0.8057375 0.75 0.00084 0.4140625
0 0.89721475 0.75 0.00084 0.4140625
0 0.95221525 0.75 0.00084 0.4140625
0 0.99025275 0.75 0.00084 0.4140625
0 0.7337685 0.8963963963963963 0.1750585 0.0275679048828125
