0 0.045441625 0.4375 0.09088325 0.2594921875
0 0.182026125 0.4375 0.09771425 0.2594921875
0 0.322026125 0.4375 0.09771425 0.2594921875
0 0.462026125 0.4375 0.09771425 0.2594921875
0 0.6020261250000001 0.4375 0.09771425 0.2594921875
0 0.742026125 0.4375 0.09771425 0.2594921875
0 0.8820261250000001 0.4375 0.09771425 0.2594921875
0 0.9865845 0.4375 0.026831 0.2594921875
0 0.117969 0.85 0.0216 0.0298046875
0 0.677969 0.8875 0.0216 0.0298046875
0 0.8179690000000001 0.1375 0.0216 0.0298046875
0 0.8410492500000001 0.5 0.3179015 0.03166115789794922
