0 0.072620625 0.4375 0.09771425 0.2594921875
0 0.212620625 0.4375 0.09771425 0.2594921875
0 0.352620625 0.4375 0.09771425 0.2594921875
0 0.492620625 0.4375 0.09771425 0.2594921875
0 0.6326206249999999 0.4375 0.09771425 0.2594921875
0 0.7726206250000001 0.4375 0.09771425 0.2594921875
0 0.912620625 0.4375 0.09771425 0.2594921875
0 0.7085635 0.625 0.0216 0.0298046875
0 0.22982875 0.125 0.00336 0.103515625
0 0.25442175 0.125 0.00336 0.103515625
0 0.281377 0.125 0.00336 0.103515625
0 0.28851025 0.125 0.00336 0.103515625
0 0.3510055 0.125 0.00336 0.103515625
0 0.40244125000000003 0.125 0.00336 0.103515625
0 0.45816625 0.125 0.00336 0.103515625
0 0.50687075 0.125 0.00336 0.103515625
0 0.57092325 0.125 0.00336 0.103515625
0 0.5821500000000001 0.125 0.00336 0.103515625
0 0.6552235000000001 0.125 0.00336 0.103515625
0 0.7123595 0.125 0.00336 0.103515625
0 0.7714737500000001 0.125 0.00336 0.103515625
0 0.77764275 0.125 0.00336 0.103515625
0 0.8770165 0.125 0.00336 0.103515625
0 0.96265825 0.125 0.00336 0.103515625
0 0.6759324999999999 0.5 0.071599 0.7433324174072266
0 0.755015 0.5 0.071599 0.7433324174072266
0 0.83149375 0.5 0.071599 0.7433324174072266
0 0.90641525 0.5 0.071599 0.7433324174072266
0 0.9734396249999999 0.5 0.05312075 0.7433324174072266
