0 0.0103555 0.27499999999999997 0.020711 0.0298046875
0 0.289911 0.8875 0.0216 0.0298046875
0 0.429911 0.3 0.0216 0.0298046875
0 0.8499110000000001 0.6875 0.0216 0.0298046875
0 0.9895554999999999 0.5125000000000001 0.020889 0.0298046875
0 0.44203774999999995 0.625 0.00084 0.4140625
0 0.480394 0.625 0.00084 0.4140625
0 0.514489 0.625 0.00084 0.4140625
0 0.5706 0.625 0.00084 0.4140625
0 0.6086045 0.625 0.00084 0.4140625
0 0.626365 0.625 0.00084 0.4140625
0 0.6411994999999999 0.625 0.00084 0.4140625
0 0.7177994999999999 0.625 0.00084 0.4140625
0 0.725093 0.625 0.00084 0.4140625
0 0.76876625 0.625 0.00084 0.4140625
0 0.8692555 0.625 0.00084 0.4140625
0 0.955274 0.625 0.00084 0.4140625
0 0.9810654999999999 0.625 0.00084 0.4140625
0 0.00600975 0.5 0.0120195 0.8048462313537598
0 0.97537125 0.5 0.0492575 0.8048462313537598
0 0.1100655 0.7222222222222222 0.220131 0.12302039545898437
0 0.5588230000000001 0.7222222222222222 0.241155 0.12302039545898437
